  41.37   -8.21   52.09
  21.90   31.12   43.82
  18.49   48.10  -14.02
  37.59   33.06   34.04
  33.18   52.59  -10.73
  50.20   14.98   21.41
  50.33   30.16   14.17
  41.22   32.23  -11.91
  52.65   -6.25   14.63
   8.62    0.17   61.85
  10.43   15.91  -11.26
   9.10   50.84   30.22
   8.16   51.67   -7.13
   8.35   35.64  -18.04
  39.02    6.25    2.08
   8.46   37.01   15.84
   8.02   -8.83   39.79
   7.44  -41.81   21.87
  29.23  -19.78  -10.33
  25.38  -15.15  -20.47
  27.32    0.64  -17.50
  15.99  -73.15    9.40
  13.51  -79.36   28.23
  16.29  -66.93   -3.87
  24.29  -80.85   30.59
  37.39  -79.70   19.42
  38.16  -81.99   -7.61
  33.97  -39.10  -20.18
  41.43  -25.49   52.55
  26.11  -59.18   62.06
  46.46  -46.29   49.54
  57.61  -31.50   34.48
  45.51  -59.98   38.63
   9.98  -56.05   43.77
   7.48  -31.59   68.09
  14.84   12.07    9.42
  27.78    4.91    2.46
  21.20    0.18    0.23
  13.00  -17.55    8.09
  45.86  -17.15   10.41
  58.15  -21.78    6.80
  48.25   14.75  -16.86
  57.47  -37.23   -1.47
  44.22   14.55  -32.23
  53.69  -31.07  -22.32
  -38.65   -5.68   50.94
  -18.45   34.81   42.20
  -16.56   47.32  -13.31
  -33.43   32.73   35.46
  -30.65   50.43   -9.62
  -48.43   12.73   19.02
  -45.58   29.91   13.99
  -35.98   30.71  -12.11
  -47.16   -8.48   13.95
   -5.32    4.85   61.38
   -8.06   15.05  -11.46
   -4.80   49.17   30.89
   -5.17   54.06   -7.40
   -5.08   37.07  -18.14
  -35.13    6.65    3.44
   -4.04   35.40   13.95
   -5.48  -14.92   41.57
   -4.85  -42.92   24.67
  -25.03  -20.74  -10.13
  -21.17  -15.95  -20.70
  -23.27   -0.67  -17.14
   -7.14  -78.67    6.44
   -5.93  -80.13   27.22
  -14.62  -67.56   -4.63
  -16.54  -84.26   28.17
  -32.39  -80.73   16.11
  -36.36  -78.29   -7.84
  -31.16  -40.30  -20.23
  -42.46  -22.63   48.92
  -23.45  -59.56   58.96
  -42.80  -45.82   46.74
  -55.79  -33.64   30.45
  -44.14  -60.82   35.59
   -7.24  -56.07   48.01
   -7.63  -25.36   70.07
  -11.46   11.00    9.24
  -23.91    3.86    2.40
  -17.75   -0.03    0.21
  -10.85  -17.56    7.98
  -41.99  -18.88    9.98
  -53.16  -20.68    7.13
  -39.88   15.14  -20.18
  -55.52  -33.80   -2.20
  -36.32   14.59  -34.08
  -49.77  -28.05  -23.17











































